PSI drift trace (Task E1)
score monitored : p_normal
rolling window  : 100 inferences
alert / recover : 0.25 / 0.1
reference       : 300 clean windows, bins [0.003, 0.253, 0.587, 0.157]

time            PSI    n   bins
10:30:06      0.034   54   [0.0, 0.3148, 0.5185, 0.1667]
10:30:21      0.014   69   [0.0, 0.2754, 0.5797, 0.1449]
10:30:35      0.015   84   [0.0, 0.25, 0.5714, 0.1786]
10:30:50      0.050   98   [0.0, 0.2245, 0.5408, 0.2347]
10:31:05      0.039  100   [0.0, 0.22, 0.56, 0.22]
10:31:20      0.191  100   [0.05, 0.16, 0.57, 0.22]
10:31:34      0.939  100   [0.2, 0.11, 0.51, 0.18]
10:31:49      1.828  100   [0.35, 0.1, 0.4, 0.15]
10:32:04      2.839  100   [0.49, 0.08, 0.29, 0.14]
10:32:19      4.090  100   [0.64, 0.06, 0.19, 0.11]
10:32:33      5.631  100   [0.79, 0.05, 0.15, 0.01]
10:32:48      8.807  100   [0.93, 0.0, 0.06, 0.01]
10:33:02     13.909  100   [1.0, 0.0, 0.0, 0.0]
10:33:18     13.909  100   [1.0, 0.0, 0.0, 0.0]
10:33:32     13.909  100   [1.0, 0.0, 0.0, 0.0]
10:33:47     13.909  100   [1.0, 0.0, 0.0, 0.0]
10:34:01     13.909  100   [1.0, 0.0, 0.0, 0.0]
10:34:16     11.101  100   [0.99, 0.0, 0.01, 0.0]
10:34:31      6.363  100   [0.84, 0.01, 0.12, 0.03]
10:34:46      4.471  100   [0.69, 0.08, 0.17, 0.06]
10:35:00      3.231  100   [0.55, 0.1, 0.27, 0.08]
10:35:15      2.126  100   [0.4, 0.12, 0.35, 0.13]
10:35:29      1.184  100   [0.25, 0.14, 0.43, 0.18]
10:35:44      0.425  100   [0.11, 0.17, 0.52, 0.2]
10:35:59      0.024  100   [0.0, 0.24, 0.56, 0.2]
10:36:14      0.015  100   [0.0, 0.25, 0.57, 0.18]
10:36:28      0.067  100   [0.0, 0.17, 0.61, 0.22]
10:36:43      0.053  100   [0.0, 0.2, 0.57, 0.23]
10:36:57      0.090  100   [0.0, 0.18, 0.56, 0.26]
10:37:12      0.109  100   [0.0, 0.15, 0.6, 0.25]
10:37:26      0.109  100   [0.0, 0.15, 0.6, 0.25]
10:37:41      0.107  100   [0.0, 0.16, 0.58, 0.26]

min 0.014   max 13.909   samples 32
